{
 "cells": [
  {
   "cell_type": "code",
   "execution_count": 11,
   "id": "96e66f3a-fc29-4e0a-b9e6-2230d283fbb4",
   "metadata": {},
   "outputs": [
    {
     "data": {
      "text/plain": [
       "((0.8391251129786296, 0.5437401388563751, -0.014686938586807766, 152.4),\n",
       " (-0.5436568722720269, 0.8392536335318722, 0.009515452429986564, 762.0),\n",
       " (0.0175, 0.0, 0.999846863274572, 30.48),\n",
       " (0.0, 0.0, 0.0, 1.0))"
      ]
     },
     "execution_count": 11,
     "metadata": {},
     "output_type": "execute_result"
    }
   ],
   "source": [
    "import ifcopenshell, ifcopenshell.geom\n",
    "#f = ifcopenshell.open(\"F:/IfcAlignmentDriver/TestFiles/Alignment_only_v1.ifc\")\n",
    "f = ifcopenshell.open(\"F:/IfcAlignmentDriver/TestFiles/FHWA_Bridge_Geometry_Alignment_Bridge_1.ifc\")\n",
    "inst = f.by_type('IfcGradientCurve')[0]\n",
    "pwf = ifcopenshell.ifcopenshell_wrapper.map_shape(ifcopenshell.geom.settings(),inst.wrapped_data)\n",
    "evaluator = ifcopenshell.ifcopenshell_wrapper.function_item_evaluator(ifcopenshell.geom.settings(),pwf)\n",
    "evaluator.evaluate(pwf.start())"
   ]
  },
  {
   "cell_type": "code",
   "execution_count": 12,
   "id": "1728adf6-046d-4aa1-970b-c3543f151410",
   "metadata": {},
   "outputs": [
    {
     "data": {
      "text/plain": [
       "((0.32717611057762236,\n",
       "  0.9449619656341793,\n",
       "  0.0016359010017784406,\n",
       "  2568.817679592181),\n",
       " (-0.9449501535357829,\n",
       "  0.32718020035568807,\n",
       "  -0.004724809828170897,\n",
       "  1481.7008484818882),\n",
       " (-0.005000000000000001, 0.0, 0.9999874999218741, 29.274406012613113),\n",
       " (0.0, 0.0, 0.0, 1.0))"
      ]
     },
     "execution_count": 12,
     "metadata": {},
     "output_type": "execute_result"
    }
   ],
   "source": [
    "evaluator.evaluate(pwf.start()+pwf.length())"
   ]
  },
  {
   "cell_type": "code",
   "execution_count": 13,
   "id": "a41b839b-f759-4b03-ac4d-f6186db22088",
   "metadata": {},
   "outputs": [
    {
     "data": {
      "text/plain": [
       "3532.6643151831104"
      ]
     },
     "execution_count": 13,
     "metadata": {},
     "output_type": "execute_result"
    }
   ],
   "source": [
    "pwf.length()"
   ]
  },
  {
   "cell_type": "code",
   "execution_count": 14,
   "id": "47d231f8-f621-46b6-ad3a-de8330612e02",
   "metadata": {},
   "outputs": [
    {
     "data": {
      "text/plain": [
       "0.0"
      ]
     },
     "execution_count": 14,
     "metadata": {},
     "output_type": "execute_result"
    }
   ],
   "source": [
    "pwf.start()"
   ]
  },
  {
   "cell_type": "code",
   "execution_count": 15,
   "id": "0707197c-a912-4a51-86cd-931649f660ec",
   "metadata": {},
   "outputs": [
    {
     "data": {
      "text/plain": [
       "((0.8391251129786296,\n",
       "  0.5437401388563751,\n",
       "  -0.014686938586807766,\n",
       "  144.0074636646813),\n",
       " (-0.5436568722720269,\n",
       "  0.8392536335318722,\n",
       "  0.009515452429986564,\n",
       "  767.4374013885638),\n",
       " (0.0175, 0.0, 0.999846863274572, 30.304973196968522),\n",
       " (0.0, 0.0, 0.0, 1.0))"
      ]
     },
     "execution_count": 15,
     "metadata": {},
     "output_type": "execute_result"
    }
   ],
   "source": [
    "evaluator.evaluate(-10.0)"
   ]
  },
  {
   "cell_type": "code",
   "execution_count": 16,
   "id": "3e326cf7-8a7d-44f4-a45d-253ec3341326",
   "metadata": {},
   "outputs": [
    {
     "data": {
      "text/plain": [
       "((0.2943535071219105,\n",
       "  0.9556954780112747,\n",
       "  0.0014717859330487003,\n",
       "  2571.9256754360927),\n",
       " (-0.955683531743135,\n",
       "  0.29435718660974003,\n",
       "  -0.004778477390056375,\n",
       "  1472.1966166216116),\n",
       " (-0.005000000000000001, 0.0, 0.9999874999218741, 29.224405387601397),\n",
       " (0.0, 0.0, 0.0, 1.0))"
      ]
     },
     "execution_count": 16,
     "metadata": {},
     "output_type": "execute_result"
    }
   ],
   "source": [
    "evaluator.evaluate(pwf.start()+pwf.length()+10.0)"
   ]
  },
  {
   "cell_type": "code",
   "execution_count": null,
   "id": "c8c0004c-33c8-454e-b894-8ad557f7237d",
   "metadata": {},
   "outputs": [],
   "source": []
  }
 ],
 "metadata": {
  "kernelspec": {
   "display_name": "Python 3 (ipykernel)",
   "language": "python",
   "name": "python3"
  },
  "language_info": {
   "codemirror_mode": {
    "name": "ipython",
    "version": 3
   },
   "file_extension": ".py",
   "mimetype": "text/x-python",
   "name": "python",
   "nbconvert_exporter": "python",
   "pygments_lexer": "ipython3",
   "version": "3.11.7"
  }
 },
 "nbformat": 4,
 "nbformat_minor": 5
}
