{
 "cells": [
  {
   "cell_type": "code",
   "execution_count": 5,
   "id": "8870a1bd-9991-4656-93c5-0b452bf47ecf",
   "metadata": {},
   "outputs": [
    {
     "name": "stdout",
     "output_type": "stream",
     "text": [
      "\n",
      "End Previous Segment\n",
      "#65=IfcCurveSegment(.DISCONTINUOUS.,#64,IfcLengthMeasure(0.),IfcLengthMeasure(1956.78565411881),#62)\n",
      "[[ 8.39252880e-01  5.43741302e-01  0.00000000e+00  2.45678565e+03]\n",
      " [-5.43741302e-01  8.39252880e-01  0.00000000e+00  2.50000000e+03]\n",
      " [ 0.00000000e+00  0.00000000e+00  1.00000000e+00  0.00000000e+00]\n",
      " [ 0.00000000e+00  0.00000000e+00  0.00000000e+00  1.00000000e+00]]\n",
      "Start Current Segment\n",
      "#72=IfcCurveSegment(.DISCONTINUOUS.,#71,IfcLengthMeasure(0.),IfcLengthMeasure(1919.22266700613),#69)\n",
      "[[ 1.83925288e+000  5.43741302e-001 -8.17516255e-312  2.14223800e+003]\n",
      " [-5.43741302e-001  1.83925288e+000 -6.95166635e-310  1.43601482e+003]\n",
      " [-2.12199579e-314 -3.11367261e-313  2.00000000e+000 -8.17516228e-312]\n",
      " [-6.95166635e-310 -4.94065646e-324 -6.95165821e-310  2.00000000e+000]]\n",
      "\n",
      "End Previous Segment\n",
      "#72=IfcCurveSegment(.DISCONTINUOUS.,#71,IfcLengthMeasure(0.),IfcLengthMeasure(1919.22266700613),#69)\n",
      "[[ 1.83925288e+000  5.43741302e-001 -8.17516254e-312  2.14223800e+003]\n",
      " [-5.43741302e-001  1.83925288e+000 -6.95166635e-310  1.43601482e+003]\n",
      " [-2.12199579e-314 -3.11367261e-313  2.00000000e+000 -8.17516228e-312]\n",
      " [-6.95166635e-310 -4.94065646e-324 -6.95165821e-310  2.00000000e+000]]\n",
      "Start Current Segment\n",
      "#79=IfcCurveSegment(.DISCONTINUOUS.,#78,IfcLengthMeasure(0.),IfcLengthMeasure(1886.90545097986),#76)\n",
      "[[ 2.24531527e-01 -9.74466825e-01  0.00000000e+00  3.66044612e+03]\n",
      " [ 9.74466825e-01  2.24531527e-01  0.00000000e+00  2.05073617e+03]\n",
      " [ 0.00000000e+00  0.00000000e+00  1.00000000e+00  0.00000000e+00]\n",
      " [ 0.00000000e+00  0.00000000e+00  0.00000000e+00  1.00000000e+00]]\n",
      "\n",
      "End Previous Segment\n",
      "#79=IfcCurveSegment(.DISCONTINUOUS.,#78,IfcLengthMeasure(0.),IfcLengthMeasure(1886.90545097986),#76)\n",
      "[[ 2.24531527e-01 -9.74466825e-01  0.00000000e+00  5.54735157e+03]\n",
      " [ 9.74466825e-01  2.24531527e-01  0.00000000e+00  2.05073617e+03]\n",
      " [ 0.00000000e+00  0.00000000e+00  1.00000000e+00  0.00000000e+00]\n",
      " [ 0.00000000e+00  0.00000000e+00  0.00000000e+00  1.00000000e+00]]\n",
      "Start Current Segment\n",
      "#86=IfcCurveSegment(.DISCONTINUOUS.,#85,IfcLengthMeasure(0.),IfcLengthMeasure(-1848.11583470262),#83)\n",
      "[[ 1.22453153e+000 -9.74466825e-001 -8.17516255e-312  4.08411588e+003]\n",
      " [ 9.74466825e-001  1.22453153e+000 -6.95166635e-310  3.88946294e+003]\n",
      " [-2.12199579e-314 -3.11367261e-313  2.00000000e+000 -8.17516228e-312]\n",
      " [-6.95166635e-310 -4.94065646e-324 -6.95165821e-310  2.00000000e+000]]\n",
      "\n",
      "End Previous Segment\n",
      "#86=IfcCurveSegment(.DISCONTINUOUS.,#85,IfcLengthMeasure(0.),IfcLengthMeasure(-1848.11583470262),#83)\n",
      "[[ 1.22453153e+000 -9.74466825e-001 -8.17516256e-312  4.08411588e+003]\n",
      " [ 9.74466825e-001  1.22453153e+000 -6.95166635e-310  3.88946294e+003]\n",
      " [-2.12199579e-314 -3.11367261e-313  2.00000000e+000 -8.17516228e-312]\n",
      " [-6.95166635e-310 -4.94065646e-324 -6.95165821e-310  2.00000000e+000]]\n",
      "Start Current Segment\n",
      "#93=IfcCurveSegment(.DISCONTINUOUS.,#92,IfcLengthMeasure(0.),IfcLengthMeasure(1564.63576545548),#90)\n",
      "[[ 9.91014224e-01  1.33756521e-01  0.00000000e+00  5.46939507e+03]\n",
      " [-1.33756521e-01  9.91014224e-01  0.00000000e+00  4.84756631e+03]\n",
      " [ 0.00000000e+00  0.00000000e+00  1.00000000e+00  0.00000000e+00]\n",
      " [ 0.00000000e+00  0.00000000e+00  0.00000000e+00  1.00000000e+00]]\n",
      "\n",
      "End Previous Segment\n",
      "#93=IfcCurveSegment(.DISCONTINUOUS.,#92,IfcLengthMeasure(0.),IfcLengthMeasure(1564.63576545548),#90)\n",
      "[[ 9.91014224e-01  1.33756521e-01  0.00000000e+00  7.03403083e+03]\n",
      " [-1.33756521e-01  9.91014224e-01  0.00000000e+00  4.84756631e+03]\n",
      " [ 0.00000000e+00  0.00000000e+00  1.00000000e+00  0.00000000e+00]\n",
      " [ 0.00000000e+00  0.00000000e+00  0.00000000e+00  1.00000000e+00]]\n",
      "Start Current Segment\n",
      "#100=IfcCurveSegment(.DISCONTINUOUS.,#99,IfcLengthMeasure(0.),IfcLengthMeasure(-1049.11973711837),#97)\n",
      "[[ 1.99101422e+000  1.33756521e-001 -8.17516256e-312  7.01997137e+003]\n",
      " [-1.33756521e-001  1.99101422e+000 -6.95166635e-310  4.63828607e+003]\n",
      " [-2.12199579e-314 -3.11367261e-313  2.00000000e+000 -8.17516228e-312]\n",
      " [-6.95166635e-310 -4.94065646e-324 -6.95165821e-310  2.00000000e+000]]\n",
      "\n",
      "End Previous Segment\n",
      "#100=IfcCurveSegment(.DISCONTINUOUS.,#99,IfcLengthMeasure(0.),IfcLengthMeasure(-1049.11973711837),#97)\n",
      "[[ 1.99101422e+000  1.33756521e-001 -8.17516256e-312  7.01997137e+003]\n",
      " [-1.33756521e-001  1.99101422e+000 -6.95166635e-310  4.63828607e+003]\n",
      " [-2.12199579e-314 -3.11367261e-313  2.00000000e+000 -8.17516228e-312]\n",
      " [-6.95166635e-310 -4.94065646e-324 -6.95165821e-310  2.00000000e+000]]\n",
      "Start Current Segment\n",
      "#107=IfcCurveSegment(.DISCONTINUOUS.,#106,IfcLengthMeasure(0.),IfcLengthMeasure(2112.2850844257),#104)\n",
      "[[ 3.26219163e-01  9.45294165e-01  0.00000000e+00  7.79093213e+03]\n",
      " [-9.45294165e-01  3.26219163e-01  0.00000000e+00  4.00673076e+03]\n",
      " [ 0.00000000e+00  0.00000000e+00  1.00000000e+00  0.00000000e+00]\n",
      " [ 0.00000000e+00  0.00000000e+00  0.00000000e+00  1.00000000e+00]]\n",
      "\n",
      "End Previous Segment\n",
      "#107=IfcCurveSegment(.DISCONTINUOUS.,#106,IfcLengthMeasure(0.),IfcLengthMeasure(2112.2850844257),#104)\n",
      "[[ 3.26219163e-01  9.45294165e-01  0.00000000e+00  9.90321721e+03]\n",
      " [-9.45294165e-01  3.26219163e-01  0.00000000e+00  4.00673076e+03]\n",
      " [ 0.00000000e+00  0.00000000e+00  1.00000000e+00  0.00000000e+00]\n",
      " [ 0.00000000e+00  0.00000000e+00  0.00000000e+00  1.00000000e+00]]\n",
      "Start Current Segment\n",
      "#114=IfcCurveSegment(.DISCONTINUOUS.,#113,IfcLengthMeasure(0.),IfcLengthMeasure(0.),#111)\n",
      "[[ 3.26219163e-01  9.45294165e-01  0.00000000e+00  8.48000000e+03]\n",
      " [-9.45294165e-01  3.26219163e-01  0.00000000e+00  2.01000000e+03]\n",
      " [ 0.00000000e+00  0.00000000e+00  1.00000000e+00  0.00000000e+00]\n",
      " [ 0.00000000e+00  0.00000000e+00  0.00000000e+00  1.00000000e+00]]\n",
      "i=0\n",
      "End Previous\n",
      "[[ 8.39252880e-01  5.43741302e-01  0.00000000e+00  2.45678565e+03]\n",
      " [-5.43741302e-01  8.39252880e-01  0.00000000e+00  2.50000000e+03]\n",
      " [ 0.00000000e+00  0.00000000e+00  1.00000000e+00  0.00000000e+00]\n",
      " [ 0.00000000e+00  0.00000000e+00  0.00000000e+00  1.00000000e+00]]\n",
      "Start Next\n",
      "[[ 1.83925288e+000  5.43741302e-001 -8.17516261e-312  2.14223800e+003]\n",
      " [-5.43741302e-001  1.83925288e+000 -6.95166635e-310  1.43601482e+003]\n",
      " [-2.12199579e-314 -3.11367261e-313  2.00000000e+000 -8.17516228e-312]\n",
      " [-6.95166635e-310 -4.94065646e-324 -6.95165821e-310  2.00000000e+000]]\n",
      "i=1\n",
      "End Previous\n",
      "[[ 1.83925288e+000  5.43741302e-001 -8.17516261e-312  2.14223800e+003]\n",
      " [-5.43741302e-001  1.83925288e+000 -6.95166635e-310  1.43601482e+003]\n",
      " [-2.12199579e-314 -3.11367261e-313  2.00000000e+000 -8.17516228e-312]\n",
      " [-6.95166635e-310 -4.94065646e-324 -6.95165821e-310  2.00000000e+000]]\n",
      "Start Next\n",
      "[[ 2.24531527e-01 -9.74466825e-01  0.00000000e+00  3.66044612e+03]\n",
      " [ 9.74466825e-01  2.24531527e-01  0.00000000e+00  2.05073617e+03]\n",
      " [ 0.00000000e+00  0.00000000e+00  1.00000000e+00  0.00000000e+00]\n",
      " [ 0.00000000e+00  0.00000000e+00  0.00000000e+00  1.00000000e+00]]\n",
      "i=2\n",
      "End Previous\n",
      "[[ 2.24531527e-01 -9.74466825e-01  0.00000000e+00  5.54735157e+03]\n",
      " [ 9.74466825e-01  2.24531527e-01  0.00000000e+00  2.05073617e+03]\n",
      " [ 0.00000000e+00  0.00000000e+00  1.00000000e+00  0.00000000e+00]\n",
      " [ 0.00000000e+00  0.00000000e+00  0.00000000e+00  1.00000000e+00]]\n",
      "Start Next\n",
      "[[ 1.22453153e+000 -9.74466825e-001 -8.17516261e-312  4.08411588e+003]\n",
      " [ 9.74466825e-001  1.22453153e+000 -6.95166635e-310  3.88946294e+003]\n",
      " [-2.12199579e-314 -3.11367261e-313  2.00000000e+000 -8.17516228e-312]\n",
      " [-6.95166635e-310 -4.94065646e-324 -6.95165821e-310  2.00000000e+000]]\n",
      "i=3\n",
      "End Previous\n",
      "[[ 1.22453153e+000 -9.74466825e-001 -8.17516261e-312  4.08411588e+003]\n",
      " [ 9.74466825e-001  1.22453153e+000 -6.95166635e-310  3.88946294e+003]\n",
      " [-2.12199579e-314 -3.11367261e-313  2.00000000e+000 -8.17516228e-312]\n",
      " [-6.95166635e-310 -4.94065646e-324 -6.95165821e-310  2.00000000e+000]]\n",
      "Start Next\n",
      "[[ 9.91014224e-01  1.33756521e-01  0.00000000e+00  5.46939507e+03]\n",
      " [-1.33756521e-01  9.91014224e-01  0.00000000e+00  4.84756631e+03]\n",
      " [ 0.00000000e+00  0.00000000e+00  1.00000000e+00  0.00000000e+00]\n",
      " [ 0.00000000e+00  0.00000000e+00  0.00000000e+00  1.00000000e+00]]\n",
      "i=4\n",
      "End Previous\n",
      "[[ 9.91014224e-01  1.33756521e-01  0.00000000e+00  7.03403083e+03]\n",
      " [-1.33756521e-01  9.91014224e-01  0.00000000e+00  4.84756631e+03]\n",
      " [ 0.00000000e+00  0.00000000e+00  1.00000000e+00  0.00000000e+00]\n",
      " [ 0.00000000e+00  0.00000000e+00  0.00000000e+00  1.00000000e+00]]\n",
      "Start Next\n",
      "[[ 1.99101422e+000  1.33756521e-001 -8.17516262e-312  7.01997137e+003]\n",
      " [-1.33756521e-001  1.99101422e+000 -6.95166635e-310  4.63828607e+003]\n",
      " [-2.12199579e-314 -3.11367261e-313  2.00000000e+000 -8.17516228e-312]\n",
      " [-6.95166635e-310 -4.94065646e-324 -6.95165821e-310  2.00000000e+000]]\n",
      "i=5\n",
      "End Previous\n",
      "[[ 1.99101422e+000  1.33756521e-001 -8.17516261e-312  7.01997137e+003]\n",
      " [-1.33756521e-001  1.99101422e+000 -6.95166635e-310  4.63828607e+003]\n",
      " [-2.12199579e-314 -3.11367261e-313  2.00000000e+000 -8.17516228e-312]\n",
      " [-6.95166635e-310 -4.94065646e-324 -6.95165821e-310  2.00000000e+000]]\n",
      "Start Next\n",
      "[[ 3.26219163e-01  9.45294165e-01  0.00000000e+00  7.79093213e+03]\n",
      " [-9.45294165e-01  3.26219163e-01  0.00000000e+00  4.00673076e+03]\n",
      " [ 0.00000000e+00  0.00000000e+00  1.00000000e+00  0.00000000e+00]\n",
      " [ 0.00000000e+00  0.00000000e+00  0.00000000e+00  1.00000000e+00]]\n",
      "i=6\n",
      "End Previous\n",
      "[[ 3.26219163e-01  9.45294165e-01  0.00000000e+00  9.90321721e+03]\n",
      " [-9.45294165e-01  3.26219163e-01  0.00000000e+00  4.00673076e+03]\n",
      " [ 0.00000000e+00  0.00000000e+00  1.00000000e+00  0.00000000e+00]\n",
      " [ 0.00000000e+00  0.00000000e+00  0.00000000e+00  1.00000000e+00]]\n",
      "Start Next\n",
      "[[ 3.26219163e-01  9.45294165e-01  0.00000000e+00  8.48000000e+03]\n",
      " [-9.45294165e-01  3.26219163e-01  0.00000000e+00  2.01000000e+03]\n",
      " [ 0.00000000e+00  0.00000000e+00  1.00000000e+00  0.00000000e+00]\n",
      " [ 0.00000000e+00  0.00000000e+00  0.00000000e+00  1.00000000e+00]]\n"
     ]
    }
   ],
   "source": [
    "import ifcopenshell\n",
    "import ifcopenshell.api.alignment\n",
    "import ifcopenshell.geom as geom\n",
    "from ifcopenshell import ifcopenshell_wrapper\n",
    "import numpy as np\n",
    "\n",
    "file = ifcopenshell.file(schema=\"IFC4X3_ADD2\")\n",
    "project = file.createIfcProject(Name=\"Test\")\n",
    "geometric_representation_context = ifcopenshell.api.context.add_context(file,context_type=\"Model\")\n",
    "axis_model_representation_subcontext = ifcopenshell.api.context.add_context(file,context_type=\"Model\",context_identifier=\"Axis\",target_view=\"MODEL_VIEW\",parent=geometric_representation_context)    \n",
    "\n",
    "coordinates = [(500.,2500.),(3340.0,  660.0),(4340.0, 5000.0),(7600.0, 4560.0),(8480.0, 2010.0)]\n",
    "radii = [(1000.),(1250.),(950.)]\n",
    "vpoints = [(0.0,100.0),(2000.,135.0),(5000.,105.),(7400.,153.),(9800.,105.),(12800.,90.)]\n",
    "lengths = [(1600.),(1200.),(2000.),(800.)]\n",
    "\n",
    "alignment = ifcopenshell.api.alignment.create_alignment_by_pi_method(file,\"TestAlignment\",coordinates,radii,vpoints,lengths,include_geometry=False)\n",
    "\n",
    "horizontal_alignment = alignment.IsNestedBy[0].RelatedObjects[0]\n",
    "assert horizontal_alignment.is_a(\"IfcAlignmentHorizontal\")\n",
    "\n",
    "segments = ifcopenshell.api.alignment.map_alignment_segments(file,horizontal_alignment)\n",
    "\n",
    "#curve = file.by_type(\"IfcCompositeCurve\")[0]\n",
    "#print(curve)\n",
    "settings = geom.settings()\n",
    "#for segment in segments:\n",
    "#    segment_fn = ifcopenshell_wrapper.map_shape(settings,segment.wrapped_data)\n",
    "#    segment_evaluator = ifcopenshell_wrapper.function_item_evaluator(settings,segment_fn)\n",
    "#    s = segment_evaluator.evaluate(0.0)\n",
    "#    start = np.array(s)\n",
    "#    print(\"Start\")\n",
    "#    print(start)\n",
    "#    e = segment_evaluator.evaluate(segment.SegmentLength.wrappedValue)\n",
    "#    end = np.array(e)\n",
    "#    print(\"End\")\n",
    "#    print(end)\n",
    "\n",
    "#print(\"----------------\")\n",
    "\n",
    "for i,segment in enumerate(segments[:-1]):\n",
    "    print(f\"i={i}\")\n",
    "    next_segment = segments[i+1]\n",
    "    segment_fn = ifcopenshell_wrapper.map_shape(settings,segment.wrapped_data)\n",
    "    segment_evaluator = ifcopenshell_wrapper.function_item_evaluator(settings,segment_fn)\n",
    "    e = segment_evaluator.evaluate(segment.SegmentLength.wrappedValue)\n",
    "    end = np.array(e)\n",
    "    print(\"End Previous\")\n",
    "    print(end)\n",
    "\n",
    "    next_segment_fn = ifcopenshell_wrapper.map_shape(settings,next_segment.wrapped_data)\n",
    "    next_segment_evaluator = ifcopenshell_wrapper.function_item_evaluator(settings,next_segment_fn)\n",
    "    s = next_segment_evaluator.evaluate(0.0)\n",
    "    start = np.array(s)\n",
    "    print(\"Start Next\")\n",
    "    print(start)\n",
    "\n"
   ]
  },
  {
   "cell_type": "code",
   "execution_count": null,
   "id": "3d48a95c-cffc-49f7-ad49-af0df26a6dc1",
   "metadata": {},
   "outputs": [],
   "source": []
  }
 ],
 "metadata": {
  "kernelspec": {
   "display_name": "Python 3 (ipykernel)",
   "language": "python",
   "name": "python3"
  },
  "language_info": {
   "codemirror_mode": {
    "name": "ipython",
    "version": 3
   },
   "file_extension": ".py",
   "mimetype": "text/x-python",
   "name": "python",
   "nbconvert_exporter": "python",
   "pygments_lexer": "ipython3",
   "version": "3.11.7"
  }
 },
 "nbformat": 4,
 "nbformat_minor": 5
}
